4206065	28.31846154	45.36	62.15384615	72.03923077	81.28615385	92.79153846	101.4023077	111.6984615	118.7123077	126.5807692
4206570	20.61	35.79	54.82538462	68.39769231	80.70692308	96.65384615	107.9707692	122.7823077	132.9969231	140.8338462
4217200 0.78077	1.35	2.11	2.7	3.26	4.03	4.59	5.34	5.91	6.47
4220355 17.783341 147.468152 147.715141 146.325393 145.791118 146.923675 146.250764 146.671581 146.829776 147.678968
4205895 3.01	5.26	8.16	10.36	12.41	15.13	17.14	19.94	21.86	23.67
4202615 24.66491473	41.05564387	61.78367282	69.59499016	85.96662794	94.16500496	104.943374	127.05	135.04	153.03
4209526 3.131998868	2.739938123	2.782233734	2.784111115	2.770110325	2.769471107	2.724920517	2.768861244	2.767922708	2.771971535
4209926 46.23136821	41.47422679	45.82070257	46.15472271	43.01381424	41.21881862	36.98186315	42.80585755	42.38754818	37.9531481
4210326 1.844495436	3.2995811	3.308239986	3.16017086	3.265360568	3.281780274	3.126942826	3.299979709	3.257832944	3.120023191
4215496 2.59	3.12	3.5	3.55	3.87	3.95	3.89	3.99	3.98	4.05
4205935 264.2384106	271.0597826	266.3551402	270.6919946	251.2594458	252.2123894	267.4262735	267.4262735	267.0682731	265.2925532
4206467 138.6951	151.24189	185.93168	198.58911	169.67002	184.14681	179.77771	176.9712	185.71561	166.59799
4203931 20.562684.1059603	36.020479.1183295	56.04630505	70.80394718	85.30124451	105.1603773	119.8828301	138.6145223	152.9539557	166.0409251
